255 255 229 255
254 253 224 255
254 251 220 255
254 250 215 255
254 248 211 255
254 247 206 255
254 245 202 255
254 244 197 255
254 242 193 255
254 241 189 255
254 239 184 255
254 238 180 255
254 236 175 255
254 235 171 255
254 233 166 255
254 232 162 255
254 230 157 255
254 229 153 255
254 227 149 255
254 226 144 255
254 224 140 255
254 223 135 255
254 221 131 255
254 220 126 255
254 218 122 255
254 217 118 255
254 214 114 255
254 211 111 255
254 209 108 255
254 206 105 255
254 204 102 255
254 201 99 255
254 199 96 255
254 196 93 255
254 193 90 255
254 191 87 255
254 188 84 255
254 186 81 255
254 183 77 255
254 181 74 255
254 178 71 255
254 176 68 255
254 173 65 255
254 170 62 255
254 168 59 255
254 165 56 255
254 163 53 255
254 160 50 255
254 158 47 255
254 155 44 255
254 153 41 255
252 150 39 255
251 148 38 255
249 146 37 255
248 143 36 255
246 141 35 255
245 139 34 255
243 136 33 255
242 134 32 255
240 132 31 255
239 129 30 255
237 127 29 255
236 125 28 255
234 122 26 255
233 120 25 255
231 118 24 255
230 115 23 255
228 113 22 255
227 111 21 255
225 108 20 255
224 106 19 255
222 104 18 255
221 101 17 255
219 99 16 255
218 97 15 255
217 95 14 255
213 93 13 255
210 91 13 255
207 89 12 255
204 87 12 255
201 85 12 255
198 83 11 255
195 81 11 255
192 79 10 255
189 77 10 255
186 75 10 255
183 73 9 255
180 71 9 255
176 69 8 255
173 67 8 255
170 65 8 255
167 63 7 255
164 61 7 255
161 59 6 255
158 57 6 255
155 55 6 255
152 53 5 255
149 51 5 255
146 49 4 255
143 47 4 255
140 45 4 255
0 0 0 0
0 0 0 0
0 0 0 0
0 0 0 0
0 0 0 0
0 0 0 0
0 0 0 0
0 0 0 0
0 0 0 0
0 0 0 0
0 0 0 0
0 0 0 0
0 0 0 0
0 0 0 0
0 0 0 0
0 0 0 0
0 0 0 0
0 0 0 0
0 0 0 0
0 0 0 0
0 0 0 0
0 0 0 0
0 0 0 0
0 0 0 0
0 0 0 0
0 0 0 0
0 0 0 0
0 0 0 0
0 0 0 0
0 0 0 0
0 0 0 0
0 0 0 0
0 0 0 0
0 0 0 0
0 0 0 0
0 0 0 0
0 0 0 0
0 0 0 0
0 0 0 0
0 0 0 0
0 0 0 0
0 0 0 0
0 0 0 0
0 0 0 0
0 0 0 0
0 0 0 0
0 0 0 0
0 0 0 0
0 0 0 0
0 0 0 0
0 0 0 0
0 0 0 0
0 0 0 0
0 0 0 0
0 0 0 0
0 0 0 0
0 0 0 0
0 0 0 0
0 0 0 0
0 0 0 0
0 0 0 0
0 0 0 0
0 0 0 0
0 0 0 0
0 0 0 0
0 0 0 0
0 0 0 0
0 0 0 0
0 0 0 0
0 0 0 0
0 0 0 0
0 0 0 0
0 0 0 0
0 0 0 0
0 0 0 0
0 0 0 0
0 0 0 0
0 0 0 0
0 0 0 0
0 0 0 0
0 0 0 0
0 0 0 0
0 0 0 0
0 0 0 0
0 0 0 0
0 0 0 0
0 0 0 0
0 0 0 0
0 0 0 0
0 0 0 0
0 0 0 0
0 0 0 0
0 0 0 0
0 0 0 0
0 0 0 0
0 0 0 0
0 0 0 0
0 0 0 0
0 0 0 0
0 0 0 0
0 0 0 0
0 0 0 0
0 0 0 0
0 0 0 0
0 0 0 0
0 0 0 0
0 0 0 0
0 0 0 0
0 0 0 0
0 0 0 0
0 0 0 0
0 0 0 0
0 0 0 0
0 0 0 0
0 0 0 0
0 0 0 0
0 0 0 0
0 0 0 0
0 0 0 0
0 0 0 0
0 0 0 0
0 0 0 0
0 0 0 0
0 0 0 0
0 0 0 0
0 0 0 0
0 0 0 0
0 0 0 0
0 0 0 0
0 0 0 0
0 0 0 0
0 0 0 0
0 0 0 0
0 0 0 0
0 0 0 0
0 0 0 0
0 0 0 0
0 0 0 0
0 0 0 0
0 0 0 0
0 0 0 0
0 0 0 0
0 0 0 0
0 0 0 0
0 0 0 0
0 0 0 0
0 0 0 0
0 0 0 0
0 0 0 0
0 0 0 0
0 0 0 0
0 0 0 0
0 0 0 0
0 0 0 0
0 0 0 0
